Sistem Persamaan Linear
1.00 0.50 0.33 0.25 0.20 0.17 0.14 0.13 0.11 0.10 1.00 
0.50 0.33 0.25 0.20 0.17 0.14 0.13 0.11 0.10 0.09 0.00 
0.33 0.25 0.20 0.17 0.14 0.13 0.11 0.10 0.09 0.08 0.00 
0.25 0.20 0.17 0.14 0.13 0.11 0.10 0.09 0.08 0.08 0.00 
0.20 0.17 0.14 0.13 0.11 0.10 0.09 0.08 0.08 0.07 0.00 
0.17 0.14 0.13 0.11 0.10 0.09 0.08 0.08 0.07 0.07 0.00 
0.14 0.13 0.11 0.10 0.09 0.08 0.08 0.07 0.07 0.06 0.00 
0.13 0.11 0.10 0.09 0.08 0.08 0.07 0.07 0.06 0.06 0.00 
0.11 0.10 0.09 0.08 0.08 0.07 0.07 0.06 0.06 0.06 0.00 
0.10 0.09 0.08 0.08 0.07 0.07 0.06 0.06 0.06 0.05 0.00 

Metode Gauss-Jordan

Matriks akhir :
1.00 0.00 0.00 0.00 0.00 0.00 0.00 0.00 0.00 0.00 46.38 
0.00 1.00 0.00 0.00 0.00 0.00 0.00 0.00 0.00 0.00 -1072.06 
0.00 0.00 1.00 0.00 0.00 0.00 0.00 0.00 0.00 0.00 7642.11 
0.00 0.00 0.00 1.00 0.00 0.00 0.00 0.00 0.00 0.00 -22514.18 
0.00 0.00 0.00 0.00 1.00 0.00 0.00 0.00 0.00 0.00 24691.71 
0.00 0.00 0.00 0.00 0.00 1.00 0.00 0.00 0.00 0.00 7194.75 
0.00 0.00 0.00 0.00 0.00 0.00 1.00 0.00 0.00 0.00 -27374.12 
0.00 0.00 0.00 0.00 0.00 0.00 0.00 1.00 0.00 0.00 -4907.19 
-0.00 -0.00 -0.00 -0.00 -0.00 -0.00 -0.00 -0.00 1.00 0.00 29641.92 
0.00 0.00 0.00 0.00 0.00 0.00 0.00 0.00 0.00 1.00 -13351.99 

Solusi unik
x[1] = 46.376271
x[2] = -1072.058478
x[3] = 7642.112720
x[4] = -22514.176673
x[5] = 24691.712504
x[6] = 7194.749061
x[7] = -27374.122261
x[8] = -4907.193266
x[9] = 29641.915808
x[10] = -13351.993067
