Sistem Persamaan Linear
0.00 0.00 0.00 0.00 0.00 0.00 1.00 1.00 1.00 13.00 
0.00 0.00 0.00 1.00 1.00 1.00 0.00 0.00 0.00 15.00 
1.00 1.00 1.00 0.00 0.00 0.00 0.00 0.00 0.00 8.00 
0.00 0.00 0.04 0.00 0.04 0.75 0.04 0.75 0.61 14.79 
0.00 0.25 0.91 0.25 0.91 0.25 0.91 0.25 0.00 14.31 
0.61 0.75 0.04 0.75 0.04 0.00 0.04 0.00 0.00 3.81 
0.00 0.00 1.00 0.00 0.00 1.00 0.00 0.00 1.00 18.00 
0.00 1.00 0.00 0.00 1.00 0.00 0.00 1.00 0.00 12.00 
1.00 0.00 0.00 1.00 0.00 0.00 1.00 0.00 0.00 6.00 
0.04 0.75 0.61 0.00 0.04 0.75 0.00 0.00 0.04 10.51 
0.91 0.25 0.00 0.25 0.91 0.25 0.00 0.25 0.91 16.13 
0.04 0.00 0.00 0.75 0.04 0.00 0.61 0.75 0.04 7.04 

Metode Gauss-Jordan

Matriks akhir :
1.00 0.00 0.00 0.00 0.00 0.00 0.00 0.00 0.00 0.00 
0.00 1.00 0.00 0.00 0.00 0.00 0.00 0.00 0.00 0.00 
0.00 0.00 1.00 0.00 0.00 0.00 0.00 0.00 0.00 0.00 
0.00 0.00 0.00 1.00 0.00 0.00 0.00 0.00 0.00 0.00 
0.00 0.00 0.00 0.00 1.00 0.00 0.00 0.00 0.00 0.00 
0.00 0.00 0.00 0.00 0.00 1.00 0.00 0.00 0.00 0.00 
0.00 0.00 0.00 0.00 0.00 0.00 1.00 0.00 0.00 0.00 
0.00 0.00 0.00 0.00 0.00 0.00 0.00 1.00 0.00 0.00 
0.00 0.00 0.00 0.00 0.00 0.00 0.00 0.00 1.00 0.00 
-0.00 -0.00 -0.00 -0.00 -0.00 -0.00 -0.00 -0.00 -0.00 1.00 
0.00 0.00 0.00 0.00 0.00 0.00 0.00 0.00 0.00 0.00 
0.00 0.00 0.00 0.00 0.00 0.00 0.00 0.00 0.00 0.00 

Solusi tidak ada
